10001000000000000000000000000000
10001000010000000000000000000000
10001010000000000000000001000000
11100000000000001110000000010000
11100000000000001110000001010000
10001010000000000000010010000000
11011000000000001110000000010000
11011000000000001110000001010000
00110000110000100000000000101000
00010001000001100000000000000000
10010001010000000000000100000000
10001010000000000000000000000000
11010000000000001110000101010000
10001010000000000000000000000000
00010001100010000000000000000010
10010001110000000000000110000000
11010000000000001110000111010000
00100001100010000000000000000010
10010001110000000000000110000000
11010000000000001110000111010000
00010001100010000000000000101000
10010001110000000000000110000000
11010000000000001110000111010000
00100001100010000000000000101000
10010001110000000000000110000000
11010000000000001110000111010000
10001000100000000011111111000000
11001000000000001110100000000000
10001000100000000000000000000000
00110000110000100000000000101000
00010001000001100000000000000000
00010001000010000000001100100000
10011000000000000010000010000000
00010000000000000000000000000010
10001010000000000000010100000000
11100000000000010011000000010000
10001000000000000000000000000000
00010000010000100000000000000010
10001010000000000000010011000000
11100000000000000001000000010000
11100000000000000001000001010000
11111000000000000000000000000000
